 Title = "Transient water balance summary"
VARIABLES ="Time","CritDepth_outlet","CritDepth_rest","Flux_3","NET1 Sources/Sinks","PM","Overland","NET2 Accumulation","ERROR (NET1-NET2)","Error rel","Error percent","Infilt","Exfilt",                                                                                                                                                                                                                                                                                                                                                                                                                                                                                                                                                                                                                                                                                                                                                                                                                                                                                                                                                                                                                                                                                                                                                                                                                                                                                                                                                                                                                                                                                                                                                                                                                                                                                                                                                                                                                                                                                                                                                                                                                                                                                                                                                                                                                                                                                                                                                                                                                                                                                                                                                                                                                                                                                                                                                                                                                                                                                                                                                                                                                                                                                                                                                                                                                                                                                                                                                                                                                                                                                                                                                                                                                                                                                                                                                                                                                                                                                                                                                                                                                                                                      
 zone t="abdul"
  5.000000000E-001  0.000000000E+000  0.000000000E+000  5.940846525E-003  5.940846525E-003  3.168233677E-004  5.724984735E-003  6.041808102E-003 -1.009615770E-004  1.685128716E-002  1.699447656E+000  3.190418417E-004  0.000000000E+000
  1.000000000E+000  0.000000000E+000  0.000000000E+000  5.940846525E-003  5.940846525E-003  3.712093951E-004  5.656752570E-003  6.027961965E-003 -8.711543967E-005  1.455707805E-002  1.466380916E+000  3.732532500E-004  0.000000000E+000
  2.000000000E+000  0.000000000E+000  0.000000000E+000  5.940846525E-003  5.940846525E-003  4.815989129E-004  5.618801172E-003  6.100400085E-003 -1.595535593E-004  2.650116960E-002  2.685704111E+000  4.888265762E-004  0.000000000E+000
  4.000000000E+000  0.000000000E+000  0.000000000E+000  5.940846525E-003  5.940846525E-003  7.154460886E-004  5.474096166E-003  6.189542255E-003 -2.486957298E-004  4.100375252E-002  4.186200211E+000  7.407353615E-004  0.000000000E+000
  8.000000000E+000  0.000000000E+000  0.000000000E+000  5.940846525E-003  5.940846525E-003  1.211532131E-003  5.045534788E-003  6.257066919E-003 -3.162203937E-004  5.184827637E-002  5.322817082E+000  1.279749142E-003  0.000000000E+000
  1.600000000E+001  0.000000000E+000  0.000000000E+000  5.940846525E-003  5.940846525E-003  2.191726997E-003  4.082018635E-003  6.273745632E-003 -3.328991064E-004  5.450842765E-002  5.603563482E+000  2.288515543E-003  0.000000000E+000
  3.091532773E+001  0.000000000E+000  0.000000000E+000  5.940846525E-003  5.940846525E-003  3.494009196E-003  2.447295874E-003  5.941305070E-003 -4.585444240E-007  7.718205248E-005  7.718503113E-003  3.493657827E-003  0.000000000E+000
  6.074598319E+001  0.000000000E+000  0.000000000E+000  5.940846525E-003  5.940846525E-003  4.618085113E-003  1.324964315E-003  5.943049428E-003 -2.202902993E-006  3.707375093E-004  3.708062452E-002  4.615861468E-003  0.000000000E+000
  1.204072941E+002  0.000000000E+000  0.000000000E+000  5.940846525E-003  5.940846525E-003  5.120918845E-003  8.258811166E-004  5.946799962E-003 -5.953436354E-006  1.001617328E-003  1.002119198E-001  5.115512263E-003  0.000000000E+000
  2.102036471E+002  0.000000000E+000  0.000000000E+000  5.940846525E-003  5.940846525E-003  5.126370418E-003  8.144782326E-004  5.940848650E-003 -2.125000142E-009  3.576930919E-007  3.576931558E-005  5.126372892E-003  0.000000000E+000
  3.000000000E+002 -3.819047230E-008  0.000000000E+000  5.940846525E-003  5.940808335E-003  5.056481960E-003  8.911790702E-004  5.947661030E-003 -6.852695296E-006  1.152830543E-003  1.153488020E-001  5.048267979E-003 -1.444051733E-006
  4.000000000E+002 -7.108754472E-006  0.000000000E+000  5.940846525E-003  5.933737771E-003  4.971547819E-003  9.682197270E-004  5.939767546E-003 -6.029775327E-006  1.015668948E-003  1.014969046E-001  4.970158310E-003 -4.441172040E-006
  5.000000000E+002 -1.534895994E-005  0.000000000E+000  5.940846525E-003  5.925497565E-003  4.897610799E-003  1.027929447E-003  5.925540246E-003 -4.268039927E-008  7.202812099E-006  7.184228558E-004  4.905322952E-003 -7.582846053E-006
  6.000000000E+002 -3.329542115E-005  0.000000000E+000  5.940846525E-003  5.907551104E-003  4.844785709E-003  1.064440638E-003  5.909226346E-003 -1.675242308E-006  2.835362374E-004  2.819871379E-002  4.855264401E-003 -9.865950009E-006
  7.000000000E+002 -4.495366965E-005  0.000000000E+000  5.940846525E-003  5.895892856E-003  4.946331251E-003  1.078161098E-003  6.024492350E-003 -1.285994941E-004  2.157639907E-002  2.164666156E+000  4.796303938E-003 -1.126477743E-005
  8.000000000E+002 -6.799634159E-005  0.000000000E+000  5.940846525E-003  5.872850184E-003  4.774244896E-003  1.095572082E-003  5.869816978E-003  3.033205731E-006  5.166127403E-004  5.105679330E-002  4.788144830E-003 -1.221767391E-005
  9.000000000E+002 -9.435585934E-005  0.000000000E+000  5.940846525E-003  5.846490666E-003  4.739572489E-003  1.105532801E-003  5.845105290E-003  1.385375760E-006  2.369865954E-004  2.331950092E-002  4.754220979E-003 -1.326917273E-005
  1.000000000E+003 -1.345064251E-004  0.000000000E+000  5.940846525E-003  5.806340100E-003  4.781707529E-003  1.099706373E-003  5.881413901E-003 -7.507380135E-005  1.284657452E-002  1.263688618E+000  4.720453715E-003 -1.388033904E-005
  1.100000000E+003 -1.559182944E-004  0.000000000E+000  5.940846525E-003  5.784928231E-003  4.743800149E-003  1.088966519E-003  5.832766668E-003 -4.783843748E-005  8.235443932E-003  8.052461426E-001  4.700105398E-003 -1.448279573E-005
  1.200000000E+003 -1.869184717E-004  0.000000000E+000  5.940846525E-003  5.753928054E-003  4.718283005E-003  1.081005098E-003  5.799288102E-003 -4.536004883E-005  7.852367379E-003  7.635283732E-001  4.677070075E-003 -1.524755050E-005
  1.300000000E+003 -2.214086501E-004  0.000000000E+000  5.940846525E-003  5.719437875E-003  4.693528599E-003  1.076860303E-003  5.770388901E-003 -5.095102599E-005  8.868893670E-003  8.576391558E-001  4.639946095E-003 -1.622975135E-005
  1.400000000E+003 -2.594820653E-004  0.000000000E+000  5.940846525E-003  5.681364460E-003  4.674260066E-003  1.065976046E-003  5.740236112E-003 -5.887165246E-005  1.030882705E-002  9.909640354E-001  4.618259349E-003 -1.679058705E-005
  1.500000000E+003 -2.993973766E-004  0.000000000E+000  5.940846525E-003  5.641449149E-003  4.650664658E-003  1.047153289E-003  5.697817947E-003 -5.636879820E-005  9.942229550E-003  9.488344457E-001  4.601559448E-003 -1.718761568E-005
  1.600000000E+003 -3.380205702E-004  0.000000000E+000  5.940846525E-003  5.602825955E-003  4.634108225E-003  1.025427040E-003  5.659535265E-003 -5.670931021E-005  1.007058983E-002  9.545661543E-001  4.586302146E-003 -1.761747750E-005
  1.700000000E+003 -3.774266722E-004  0.000000000E+000  5.940846525E-003  5.563419853E-003  4.612728206E-003  1.000360589E-003  5.613088795E-003 -4.966894205E-005  8.888096204E-003  8.360583266E-001  4.576086892E-003 -1.803584255E-005
  1.800000000E+003 -4.229610913E-004  0.000000000E+000  5.940846525E-003  5.517885434E-003  4.600379589E-003  9.731321799E-004  5.573511769E-003 -5.562633536E-005  1.003053706E-002  9.363368523E-001  4.555612189E-003 -1.878420813E-005
  1.900000000E+003 -4.778933999E-004  0.000000000E+000  5.940846525E-003  5.462953125E-003  4.569801640E-003  9.387421036E-004  5.508543744E-003 -4.559061827E-005  8.310738053E-003  7.674094604E-001  4.537399006E-003 -1.975326113E-005
  2.000000000E+003 -5.410862831E-004  0.000000000E+000  5.940846525E-003  5.399760242E-003  4.542426691E-003  8.981427870E-004  5.440569478E-003 -4.080923611E-005  7.529150342E-003  6.869262812E-001  4.514309637E-003 -2.107605683E-005
  2.100000000E+003 -6.109573311E-004  0.000000000E+000  5.940846525E-003  5.329889194E-003  4.516804747E-003  8.535196418E-004  5.370324389E-003 -4.043519461E-005  7.557829440E-003  6.806301836E-001  4.487127162E-003 -2.262247718E-005
  2.200000000E+003 -6.826841468E-004  0.000000000E+000  5.940846525E-003  5.258162378E-003  4.492987535E-003  8.023353139E-004  5.295322849E-003 -3.716047084E-005  7.042312571E-003  6.255080094E-001  4.472899530E-003 -2.391366469E-005
  2.300000000E+003 -7.561530307E-004  0.000000000E+000  5.940846525E-003  5.184693495E-003  4.474281806E-003  7.489622994E-004  5.223244105E-003 -3.855061049E-005  7.407924984E-003  6.489076990E-001  4.450837812E-003 -2.536403367E-005
  2.400000000E+003 -8.285385124E-004  0.000000000E+000  5.940846525E-003  5.112308013E-003  4.454970352E-003  6.958109945E-004  5.150781347E-003 -3.847333402E-005  7.497417722E-003  6.476069338E-001  4.434597948E-003 -2.664529216E-005
  2.500000000E+003 -9.003848220E-004  0.000000000E+000  5.940846525E-003  5.040461703E-003  4.433159638E-003  6.385095202E-004  5.071669158E-003 -3.120745453E-005  6.172280592E-003  5.253031600E-001  4.424351234E-003 -2.777250508E-005
  2.600000000E+003 -9.695393633E-004  0.000000000E+000  5.940846525E-003  4.971307162E-003  4.419432181E-003  5.828195132E-004  5.002251694E-003 -3.094453237E-005  6.205314034E-003  5.208774918E-001  4.411307424E-003 -2.894343042E-005
  2.700000000E+003 -1.034315517E-003  0.000000000E+000  5.940846525E-003  4.906531008E-003  4.406809516E-003  5.307476430E-004  4.937557159E-003 -3.102615124E-005  6.303509419E-003  5.222513511E-001  4.401341997E-003 -3.016707806E-005
  2.800000000E+003 -1.095222510E-003  0.000000000E+000  5.940846525E-003  4.845624016E-003  4.391802838E-003  4.830329693E-004  4.874835807E-003 -2.921179171E-005  6.010372399E-003  4.917109302E-001  4.392080751E-003 -3.137425577E-005
  2.900000000E+003 -1.148958683E-003  0.000000000E+000  5.940846525E-003  4.791887842E-003  4.372447199E-003  4.393109952E-004  4.811758194E-003 -1.987035260E-005  4.138085166E-003  3.344700543E-001  4.381122145E-003 -3.267380603E-005
  3.000000000E+003 -1.198398161E-003  0.000000000E+000  5.940846525E-003  4.742448364E-003  4.355567120E-003  4.034313606E-004  4.758998480E-003 -1.655011598E-005  3.483704376E-003  2.785817796E-001  4.367618046E-003 -3.405417421E-005
  3.100000000E+003 -1.059840426E-003  0.000000000E+000  0.000000000E+000 -1.059840426E-003  1.288589353E-003 -2.260270542E-003 -9.716811890E-004 -8.815923692E-005  8.679133539E-002  8.318161372E+000  1.883429041E-003 -3.403762501E-005
  3.200000000E+003 -9.270449931E-004  0.000000000E+000  0.000000000E+000 -9.270449931E-004  8.136816518E-004 -1.711375242E-003 -8.976935899E-004 -2.935140328E-005  3.217052958E-002  3.166124999E+000  1.019822289E-003 -3.296297956E-005
  3.300000000E+003 -8.159124884E-004  0.000000000E+000  0.000000000E+000 -8.159124884E-004  6.100304946E-004 -1.401094970E-003 -7.910644759E-004 -2.484801247E-005  3.092516324E-002  3.045426173E+000  6.678713023E-004 -3.162090112E-005
  3.400000000E+003 -7.251605816E-004  0.000000000E+000  0.000000000E+000 -7.251605816E-004  4.928991918E-004 -1.197102168E-003 -7.042029762E-004 -2.095760538E-005  2.932438743E-002  2.890064064E+000  4.971744385E-004 -2.927985799E-005
  3.500000000E+003 -6.494001941E-004  0.000000000E+000  0.000000000E+000 -6.494001941E-004  4.127568378E-004 -1.042860920E-003 -6.301040825E-004 -1.929611160E-005  3.016185558E-002  2.971374474E+000  3.946767698E-004 -2.582304211E-005
  3.600000000E+003 -5.868084650E-004  0.000000000E+000  0.000000000E+000 -5.868084650E-004  3.398670720E-004 -9.169396737E-004 -5.770726017E-004 -9.735863300E-006  1.672999687E-002  1.659121141E+000  3.283073299E-004 -2.131875365E-005
  3.700000000E+003 -5.343043734E-004  0.000000000E+000  0.000000000E+000 -5.343043734E-004  2.853212110E-004 -8.132681552E-004 -5.279469442E-004 -6.357429157E-006  1.196972703E-002  1.189851604E+000  2.831291433E-004 -1.730389073E-005
  3.800000000E+003 -4.889611232E-004  0.000000000E+000  0.000000000E+000 -4.889611232E-004  2.502493434E-004 -7.319912000E-004 -4.817418567E-004 -7.219266499E-006  1.487430584E-002  1.476449999E+000  2.497856547E-004 -1.408301528E-005
  3.900000000E+003 -4.474531376E-004  0.000000000E+000  0.000000000E+000 -4.474531376E-004  2.279739262E-004 -6.655055924E-004 -4.375316662E-004 -9.921471338E-006  2.242178916E-002  2.217320766E+000  2.235798419E-004 -1.158725301E-005
  4.000000000E+003 -4.102252795E-004  0.000000000E+000  0.000000000E+000 -4.102252795E-004  2.095324533E-004 -6.088959023E-004 -3.993634489E-004 -1.086183057E-005  2.683295899E-002  2.647772119E+000  2.024499147E-004 -9.325568669E-006
  4.100000000E+003 -3.756158725E-004  0.000000000E+000  0.000000000E+000 -3.756158725E-004  1.910189542E-004 -5.575425190E-004 -3.665235648E-004 -9.092307617E-006  2.450296308E-002  2.420639883E+000  1.849231027E-004 -7.378071042E-006
  4.200000000E+003 -3.459367876E-004  0.000000000E+000  0.000000000E+000 -3.459367876E-004  1.763890388E-004 -5.135094369E-004 -3.371203980E-004 -8.816389512E-006  2.581449898E-002  2.548555062E+000  1.703282729E-004 -5.811613431E-006
  4.300000000E+003 -3.204645765E-004  0.000000000E+000  0.000000000E+000 -3.204645765E-004  1.641652349E-004 -4.759021626E-004 -3.117369277E-004 -8.727648788E-006  2.761033857E-002  2.723436357E+000  1.581981691E-004 -4.625965980E-006
  4.400000000E+003 -2.979014904E-004  0.000000000E+000  0.000000000E+000 -2.979014904E-004  1.529411763E-004 -4.432712085E-004 -2.903300322E-004 -7.571458193E-006  2.574312291E-002  2.541597956E+000  1.478754311E-004 -3.692332206E-006
  4.500000000E+003 -2.775405825E-004  0.000000000E+000  0.000000000E+000 -2.775405825E-004  1.427240434E-004 -4.145689708E-004 -2.718449274E-004 -5.695655103E-006  2.073463897E-002  2.052188206E+000  1.390459399E-004 -2.959057312E-006
  4.600000000E+003 -2.581700996E-004  0.000000000E+000  0.000000000E+000 -2.581700996E-004  1.364610043E-004 -3.880170237E-004 -2.515560194E-004 -6.614080201E-006  2.595150594E-002  2.561907910E+000  1.314697417E-004 -2.366417096E-006
  4.700000000E+003 -2.394868513E-004  0.000000000E+000  0.000000000E+000 -2.394868513E-004  1.295361958E-004 -3.630150931E-004 -2.334788973E-004 -6.007953978E-006  2.540545059E-002  2.508678012E+000  1.248895927E-004 -1.893527470E-006
  4.800000000E+003 -2.219804202E-004  0.000000000E+000  0.000000000E+000 -2.219804202E-004  1.237738043E-004 -3.399729446E-004 -2.161991404E-004 -5.781279841E-006  2.638772029E-002  2.604409811E+000  1.191160717E-004 -1.518272053E-006
  4.900000000E+003 -2.061266649E-004  0.000000000E+000  0.000000000E+000 -2.061266649E-004  1.181704759E-004 -3.191325174E-004 -2.009620415E-004 -5.164623371E-006  2.537345443E-002  2.505558111E+000  1.139301589E-004 -1.216012756E-006
  5.000000000E+003 -1.918620548E-004  0.000000000E+000  0.000000000E+000 -1.918620548E-004  1.143821894E-004 -3.003211462E-004 -1.859389568E-004 -5.923098085E-006  3.135564968E-002  3.087164937E+000  1.092276799E-004 -9.619666194E-007
  5.100000000E+003 -1.786889042E-004  0.000000000E+000  0.000000000E+000 -1.786889042E-004  1.097391470E-004 -2.829765596E-004 -1.732374126E-004 -5.451491596E-006  3.098086921E-002  3.050828265E+000  1.049433554E-004 -7.475524648E-007
  5.200000000E+003 -1.663683212E-004  0.000000000E+000  0.000000000E+000 -1.663683212E-004  1.047586724E-004 -2.668036624E-004 -1.620449900E-004 -4.323331179E-006  2.632859894E-002  2.598650481E+000  1.010176803E-004 -5.627926263E-007
  5.300000000E+003 -1.551002022E-004  0.000000000E+000  0.000000000E+000 -1.551002022E-004  1.011058461E-004 -2.520305724E-004 -1.509247263E-004 -4.175475950E-006  2.728846941E-002  2.692115091E+000  9.744908901E-005 -4.056294258E-007
  5.400000000E+003 -1.451882006E-004  0.000000000E+000  0.000000000E+000 -1.451882006E-004  9.693541817E-005 -2.389362800E-004 -1.420008618E-004 -3.187338808E-006  2.219679804E-002  2.195315318E+000  9.421329399E-005 -2.837186868E-007
  5.500000000E+003 -1.364110525E-004  0.000000000E+000  0.000000000E+000 -1.364110525E-004  9.519802022E-005 -2.272774803E-004 -1.320794601E-004 -4.331592454E-006  3.226626082E-002  3.175396988E+000  9.127703364E-005 -1.890840312E-007
  5.600000000E+003 -1.285694512E-004  0.000000000E+000  0.000000000E+000 -1.285694512E-004  9.177039276E-005 -2.168564456E-004 -1.250860528E-004 -3.483398435E-006  2.746558525E-002  2.709351562E+000  8.863616193E-005 -1.190933212E-007
  5.700000000E+003 -1.215587034E-004  0.000000000E+000  0.000000000E+000 -1.215587034E-004  8.955718715E-005 -2.075157798E-004 -1.179585926E-004 -3.600110756E-006  3.006138442E-002  2.961623196E+000  8.624416699E-005 -6.941911911E-008
  5.800000000E+003 -1.152164904E-004  0.000000000E+000  0.000000000E+000 -1.152164904E-004  8.695122885E-005 -1.990426384E-004 -1.120914095E-004 -3.125080939E-006  2.749645692E-002  2.712355607E+000  8.407786153E-005 -4.185847199E-008
  5.900000000E+003 -1.093240662E-004  0.000000000E+000  0.000000000E+000 -1.093240662E-004  8.336021165E-005 -1.912007376E-004 -1.078405260E-004 -1.483540262E-006  1.366281903E-002  1.357011601E+000  8.210815811E-005 -2.633546487E-008
  6.000000000E+003 -1.037370655E-004  0.000000000E+000  0.000000000E+000 -1.037370655E-004  8.276531159E-005 -1.838103551E-004 -1.010450435E-004 -2.692022044E-006  2.629157456E-002  2.595043565E+000  8.029581997E-005 -1.689314839E-008
