BORDEN SAND (FIELD SCALE) - DIGITIZED
k isotropic
1.0d-5
porosity
0.34
specific storage
1.2e-7     3.234000000000000E-004
unsaturated tables
saturation-relative k
1.800105973D-01 4.4549345538D-04
1.800117237D-01 4.4550599991D-04
1.800129968D-01 4.4552017931D-04
1.800144396D-01 4.4553624767D-04
1.800160788D-01 4.4555450525D-04
1.800179466D-01 4.4557530809D-04
1.800200808D-01 4.4559908001D-04
1.800225269D-01 4.4562632744D-04
1.800253394D-01 4.4565765803D-04
1.800285841D-01 4.4569380394D-04
1.800323402D-01 4.4573565137D-04
1.800367046D-01 4.4578427795D-04
1.800417950D-01 4.4584100062D-04
1.800477566D-01 4.4590743715D-04
1.800547683D-01 4.4598558573D-04
1.800630523D-01 4.4607792874D-04
1.800728863D-01 4.4618756896D-04
1.800846194D-01 4.4631840982D-04
1.800986935D-01 4.4647539581D-04
1.801156721D-01 4.4666483605D-04
1.801362790D-01 4.4689484378D-04
1.801614518D-01 4.4717593946D-04
1.801924153D-01 4.4752188707D-04
1.802307847D-01 4.4795086747D-04
1.802787110D-01 4.4848714515D-04
1.803390894D-01 4.4916346825D-04
1.804158621D-01 4.5002457562D-04
1.805144636D-01 4.5113240530D-04
1.806424873D-01 4.5257396940D-04
1.808106990D-01 4.5447349924D-04
1.810346076D-01 4.5701159952D-04
1.813369475D-01 4.6045623081D-04
1.817516898D-01 4.6521430296D-04
1.823306801D-01 4.7192054431D-04
1.831549152D-01 4.8159681033D-04
1.841212434D-01 4.9313695138D-04
1.850767205D-01 5.0475784737D-04
1.860513249D-01 5.1682968789D-04
1.870321195D-01 5.2920371018D-04
1.880178341D-01 5.4187074558D-04
1.890067482D-01 5.5481462030D-04
1.899979273D-01 5.6802818405D-04
1.909907523D-01 5.8150777724D-04
1.919848088D-01 5.9525204449D-04
1.929798091D-01 6.0926106629D-04
1.939755476D-01 6.2353586674D-04
1.949718739D-01 6.3807811112D-04
1.959686756D-01 6.5288991471D-04
1.969658671D-01 6.6797371824D-04
1.979633817D-01 6.8333220465D-04
1.989611675D-01 6.9896824192D-04
1.999591827D-01 7.1488484320D-04
2.009573939D-01 7.3108513829D-04
2.019557737D-01 7.4757235298D-04
2.030111066D-01 7.6531300583D-04
2.040980402D-01 7.8392543534D-04
2.052463626D-01 8.0396957172D-04
2.064600684D-01 8.2558596457D-04
2.077434411D-01 8.4893207950D-04
2.091010757D-01 8.7418470106D-04
2.105379025D-01 9.0154272607D-04
2.120592129D-01 9.3123041827D-04
2.136706875D-01 9.6350120895D-04
2.153784255D-01 9.9864214557D-04
2.171889769D-01 1.0369791109D-03
2.191093765D-01 1.0788829611D-03
2.211471809D-01 1.1247767600D-03
2.233105069D-01 1.1751443273D-03
2.256080731D-01 1.2305403630D-03
2.280492439D-01 1.2916024647D-03
2.306440754D-01 1.3590654287D-03
2.334033645D-01 1.4337783043D-03
2.363386990D-01 1.5167247806D-03
2.394625109D-01 1.6090476098D-03
2.427881303D-01 1.7120779289D-03
2.463298408D-01 1.8273705357D-03
2.501029348D-01 1.9567464126D-03
2.541237691D-01 2.1023440799D-03
2.584098175D-01 2.2666817196D-03
2.629797215D-01 2.4527324414D-03
2.678533350D-01 2.6640155893D-03
2.730517619D-01 2.9047076276D-03
2.785973835D-01 3.1797769025D-03
2.845138719D-01 3.4951474917D-03
2.908261864D-01 3.8578984193D-03
2.975605459D-01 4.2765057549D-03
3.047443739D-01 4.7611365245D-03
3.124062077D-01 5.3240049165D-03
3.205755645D-01 5.9798029200D-03
3.292827562D-01 6.7462191842D-03
3.385586425D-01 7.6445613662D-03
3.484343130D-01 8.7004982804D-03
3.589406855D-01 9.9449383647D-03
3.701080119D-01 1.1415059772D-02
3.819652788D-01 1.3155503977D-02
3.945394950D-01 1.5219738126D-02
4.078548593D-01 1.7671580136D-02
4.219318038D-01 2.0586863278D-02
4.367859181D-01 2.4055191998D-02
4.524267619D-01 2.8181706582D-02
4.688565875D-01 3.3088730143D-02
4.860690018D-01 3.8917117464D-02
5.040476139D-01 4.5827064020D-02
5.227647261D-01 5.3998070355D-02
5.421801425D-01 6.3627701242D-02
5.622401805D-01 7.4928744697D-02
5.828769834D-01 8.8124380815D-02
6.040082311D-01 1.0344103486D-01
6.255373462D-01 1.2109873181D-01
6.473542759D-01 1.4129900198D-01
6.693369047D-01 1.6421070653D-01
6.913531167D-01 1.8995453347D-01
7.132634796D-01 2.1858731009D-01
7.349244702D-01 2.5008761564D-01
7.561921115D-01 2.8434437509D-01
7.769258427D-01 3.2115009442D-01
7.969924138D-01 3.6020011246D-01
8.162695787D-01 4.0109869638D-01
8.346493723D-01 4.4337205836D-01
8.520407811D-01 4.8648753647D-01
8.683716669D-01 5.2987740681D-01
8.835898627D-01 5.7296522094D-01
8.976634244D-01 6.1519229214D-01
9.105800835D-01 6.5604202701D-01
9.223460002D-01 6.9506018153D-01
9.329839522D-01 7.3186972446D-01
9.425311174D-01 7.6617969392D-01
9.510366113D-01 7.9778811440D-01
9.585589328D-01 8.2657960330D-01
9.651634513D-01 8.5251868209D-01
9.709200398D-01 8.7564000061D-01
9.759009330D-01 8.9603670340D-01
9.801788595D-01 9.1384805426D-01
9.838254706D-01 9.2924723811D-01
9.869100712D-01 9.4243002512D-01
9.894986385D-01 9.5360474747D-01
9.916531063D-01 9.6298383045D-01
9.934308830D-01 9.7077695012D-01
9.948845715D-01 9.7718576495D-01
9.960618561D-01 9.8240008546D-01
9.970055245D-01 9.8659529863D-01
9.977535953D-01 9.8993084456D-01
9.983395246D-01 9.9254954370D-01
9.987924701D-01 9.9457758693D-01
9.991375933D-01 9.9612502270D-01
9.993963848D-01 9.9728659971D-01
9.995870014D-01 9.9814284907D-01
9.997246035D-01 9.9876131293D-01
9.998358001D-01 9.9926131293D-01
9.999469535D-01 9.9976131293D-01
9.999996982D-01 9.9999864220D-01
1.000000000D+00 1.0000000000D+00
end !sat-krw
pressure-saturation
-5.000000D+00 1.800105973D-01
-4.900000D+00 1.800117237D-01
-4.800000D+00 1.800129968D-01
-4.700000D+00 1.800144396D-01
-4.600000D+00 1.800160788D-01
-4.500000D+00 1.800179466D-01
-4.400000D+00 1.800200808D-01
-4.300000D+00 1.800225269D-01
-4.200000D+00 1.800253394D-01
-4.100000D+00 1.800285841D-01
-4.000000D+00 1.800323402D-01
-3.900000D+00 1.800367046D-01
-3.800000D+00 1.800417950D-01
-3.700000D+00 1.800477566D-01
-3.600000D+00 1.800547683D-01
-3.500000D+00 1.800630523D-01
-3.400000D+00 1.800728863D-01
-3.300000D+00 1.800846194D-01
-3.200000D+00 1.800986935D-01
-3.100000D+00 1.801156721D-01
-3.000000D+00 1.801362790D-01
-2.900000D+00 1.801614518D-01
-2.800000D+00 1.801924153D-01
-2.700000D+00 1.802307847D-01
-2.600000D+00 1.802787110D-01
-2.500000D+00 1.803390894D-01
-2.400000D+00 1.804158621D-01
-2.300000D+00 1.805144636D-01
-2.200000D+00 1.806424873D-01
-2.100000D+00 1.808106990D-01
-2.000000D+00 1.810346076D-01
-1.900000D+00 1.813369475D-01
-1.800000D+00 1.817516898D-01
-1.700000D+00 1.823306801D-01
-1.600000D+00 1.831549152D-01
-1.516621D+00 1.841212434D-01
-1.454555D+00 1.850767205D-01
-1.404231D+00 1.860513249D-01
-1.362548D+00 1.870321195D-01
-1.327140D+00 1.880178341D-01
-1.296499D+00 1.890067482D-01
-1.269582D+00 1.899979273D-01
-1.245641D+00 1.909907523D-01
-1.224129D+00 1.919848088D-01
-1.204630D+00 1.929798091D-01
-1.186826D+00 1.939755476D-01
-1.170464D+00 1.949718739D-01
-1.155344D+00 1.959686756D-01
-1.141303D+00 1.969658671D-01
-1.128208D+00 1.979633817D-01
-1.115948D+00 1.989611675D-01
-1.104429D+00 1.999591827D-01
-1.093573D+00 2.009573939D-01
-1.083312D+00 2.019557737D-01
-1.073052D+00 2.030111066D-01
-1.063052D+00 2.040980402D-01
-1.053052D+00 2.052463626D-01
-1.043052D+00 2.064600684D-01
-1.033052D+00 2.077434411D-01
-1.023052D+00 2.091010757D-01
-1.013052D+00 2.105379025D-01
-1.003052D+00 2.120592129D-01
-9.930521D-01 2.136706875D-01
-9.830521D-01 2.153784255D-01
-9.730521D-01 2.171889769D-01
-9.630521D-01 2.191093765D-01
-9.530521D-01 2.211471809D-01
-9.430521D-01 2.233105069D-01
-9.330521D-01 2.256080731D-01
-9.230521D-01 2.280492439D-01
-9.130521D-01 2.306440754D-01
-9.030521D-01 2.334033645D-01
-8.930521D-01 2.363386990D-01
-8.830521D-01 2.394625109D-01
-8.730521D-01 2.427881303D-01
-8.630521D-01 2.463298408D-01
-8.530521D-01 2.501029348D-01
-8.430521D-01 2.541237691D-01
-8.330521D-01 2.584098175D-01
-8.230521D-01 2.629797215D-01
-8.130521D-01 2.678533350D-01
-8.030521D-01 2.730517619D-01
-7.930521D-01 2.785973835D-01
-7.830521D-01 2.845138719D-01
-7.730521D-01 2.908261864D-01
-7.630521D-01 2.975605459D-01
-7.530521D-01 3.047443739D-01
-7.430521D-01 3.124062077D-01
-7.330521D-01 3.205755645D-01
-7.230521D-01 3.292827562D-01
-7.130521D-01 3.385586425D-01
-7.030521D-01 3.484343130D-01
-6.930521D-01 3.589406855D-01
-6.830521D-01 3.701080119D-01
-6.730521D-01 3.819652788D-01
-6.630521D-01 3.945394950D-01
-6.530521D-01 4.078548593D-01
-6.430521D-01 4.219318038D-01
-6.330521D-01 4.367859181D-01
-6.230521D-01 4.524267619D-01
-6.130521D-01 4.688565875D-01
-6.030521D-01 4.860690018D-01
-5.930521D-01 5.040476139D-01
-5.830521D-01 5.227647261D-01
-5.730521D-01 5.421801425D-01
-5.630521D-01 5.622401805D-01
-5.530521D-01 5.828769834D-01
-5.430521D-01 6.040082311D-01
-5.330521D-01 6.255373462D-01
-5.230521D-01 6.473542759D-01
-5.130521D-01 6.693369047D-01
-5.030521D-01 6.913531167D-01
-4.930521D-01 7.132634796D-01
-4.830521D-01 7.349244702D-01
-4.730521D-01 7.561921115D-01
-4.630521D-01 7.769258427D-01
-4.530521D-01 7.969924138D-01
-4.430521D-01 8.162695787D-01
-4.330521D-01 8.346493723D-01
-4.230521D-01 8.520407811D-01
-4.130521D-01 8.683716669D-01
-4.030521D-01 8.835898627D-01
-3.930521D-01 8.976634244D-01
-3.830521D-01 9.105800835D-01
-3.730521D-01 9.223460002D-01
-3.630521D-01 9.329839522D-01
-3.530521D-01 9.425311174D-01
-3.430521D-01 9.510366113D-01
-3.330521D-01 9.585589328D-01
-3.230521D-01 9.651634513D-01
-3.130521D-01 9.709200398D-01
-3.030521D-01 9.759009330D-01
-2.930521D-01 9.801788595D-01
-2.830521D-01 9.838254706D-01
-2.730521D-01 9.869100712D-01
-2.630521D-01 9.894986385D-01
-2.530521D-01 9.916531063D-01
-2.430521D-01 9.934308830D-01
-2.330521D-01 9.948845715D-01
-2.230521D-01 9.960618561D-01
-2.130521D-01 9.970055245D-01
-2.030521D-01 9.977535953D-01
-1.930521D-01 9.983395246D-01
-1.830521D-01 9.987924701D-01
-1.730521D-01 9.991375933D-01
-1.630521D-01 9.993963848D-01
-1.530521D-01 9.995870014D-01
-1.430521D-01 9.997246035D-01
-1.312358D-01 9.998358001D-01
-1.087065D-01 9.999469535D-01
-4.592805D-02 9.999996982D-01
0.000000D+00 1.000000000D+00
end ! p-sat
end ! unsat tables
end ! material
